49845032007668756968239905888186908356207441937 802068887436920670708732044529260871472637148264 471593604931079523430107987505401758442316269689 264195276994392007835367540330785883641180702564 1074106495868641905069580492018795932950586945055 
1011338625823567531636102835114338556776050093934
939927932306203845119061987623827906121813501945 265566030114367141360870036007611991923839394655 263844926322693824811292857716416356647641841851 334844953385528589986078470415532136835190476905 246973863723261144896154668220248953219386543158 
76154763663024882212249478561360276480921003288
939927932306203845119061987623827906121813501945 460955582975278655041327390299849669015308223703 933220802929595415825540383795250333372565254200 68095258604036822363022059274195215912713176941 1032630255539303295970081754148637231628260903758 
178271246074433645480459253520885638677896207972
87211858767775886552082037443283448108855969134 1095214205622380309496760424205714705685769480564 73639845566435189697149460255868454638559809459 1067359242540891211272780823225911598972663221317 80527588993321062048808706767656512605444031 
1024889722535890359863628682174434321359226984066
113871948788486559984506766884112344909875407741 497748255120712144046987182825478860522829093929 638337524401144062351468422342058449929015492205 789952495260441831103653013937615996149254321026 146591646315304157990822445948308313097927654838 
1052163673106039875047761422970640366278734465237
602704807177505512770135613290367839644465956026
1139307359934919675473144681261111867833309121657 450941711836639760490568024516206896328862883724 1092980771935021748009542623168098430023674891234 1049874827248555423972974957381066803077755672756 322091133359758511869541958343589324786809999920 
630513557972445619262032830102217895673921530890
457511223763830486231352660950919342962277840244
1009776144019352556130694699542953453510035958497
402618625072138003259044608482185439377667327534
